('foodName', priority, calories(cal over 100g), foodLimit(cal), price(VNĐ):

('beef', 4, 250, 375, 30000),
('chicken thighs', 4, 177, 265.5, 4800),
('chicken breast', 4, 164, 246, 7000),
('pork belly', 4, 517, 258.5, 14500),
('lean pork', 4, 242, 363, 9700),
('pork leg', 4, 406, 203, 13400),
('lamb thighs', 4, 294, 291, 26000),
('salmon', 4, 208, 291.2, 45000),
('tuna', 4, 129, 180.6, 19000),
('mackerel', 4, 305, 427, 15000),
('squid', 4, 181, 253.4, 18000),
('shrimp', 4, 100, 200, 15000),
('crab', 4, 83, 249, 5000),
('snails', 4, 86, 258, 3000),
('scallop', 4, 73, 219, 12000),
('chicken egg', 4, 90, 180, 7000),
('kale', 2, 65, 65, 1700),
('spinach', 2, 30, 30, 4000),
('water spinach', 2, 55, 55, 1700),
('vine spinach', 2, 26, 26, 3600),
('celery', 2, 15, 15, 1500),
('kohlrabi', 2, 27, 27, 1100),
('cabbage', 2, 24, 24, 1000),
('carrot', 2, 41, 41, 1200),
('tomato', 2, 18, 18, 1000),
('mushroom', 2, 26, 26, 3500),
('cove beans', 2, 92, 92, 1500),
('okra', 2, 33, 33, 3500),
('animal butter', 5, 717, 71.7, 24000),
('animal fat', 5, 897, 89.7, 18900),
('vegetable oil', 5, 884, 88.4, 7500),
('potato', 1, 77, 100.1, 1700),
('yam', 1, 85, 110.5, 1700),
('corn', 1, 85, 110.5, 700),
('rice', 1, 130, 169, 1500),
('brown rice', 1, 110, 143, 3500),
('sticky rice', 1, 97, 126.1, 4000),
('oat', 1, 67, 87.1, 3500),
('bread', 1, 250, 325, 2000),
('black beans', 1, 106, 137.8, 2700),
('custard apple', 3, 101, 80.8, 5500),
('strawberry', 3, 32, 25.6, 22000),
('pineapple', 3, 50, 40, 500),
('lychee', 3, 66, 52.8, 6000),
('logan', 3, 62, 49.6, 4000),
('mango', 3, 60, 48, 4000),
('jackfruit', 3, 89, 71.2, 2000),
('orange', 3, 47, 37.6, 8000),
('apple', 3, 52, 41.6, 8000),
('avocado', 3, 160, 128, 2000),
('cucumber', 3, 22, 17.6, 1700),
('watermelon', 3, 30, 24, 1500)